[main]
avg_dir = avg
avg_suffix = _avg.csv

[htsxt]
start_wn = 7497.964
end_wn = 599.76
num_wn = 3578

[alpha_kbr]
start_wn = 3998.12872
end_wn = 399.387991 
num_wn = 2542

[alpha_znse]
start_wn = 3996.4810
end_wn = 499.8151
num_wn = 1714

[mpa]
start_wn = 12489.456160
end_wn = 3594.86
num_wn = 1154

